(kicad_pcb (version 20171130) (host pcbnew 5.1.5+dfsg1-2build2)

  (general
    (thickness 1.6)
    (drawings 18)
    (tracks 128)
    (zones 0)
    (modules 18)
    (nets 41)
  )

  (page A4)
  (title_block
    (title jbox)
    (date 2021-05-17)
    (rev 0)
    (company EE/UFMG)
    (comment 1 SmartBattery)
    (comment 4 "Laboratório Tesla Engenharia de Potência")
  )

  (layers
    (0 F.Cu signal hide)
    (31 B.Cu signal)
    (32 B.Adhes user)
    (33 F.Adhes user)
    (34 B.Paste user)
    (35 F.Paste user)
    (36 B.SilkS user)
    (37 F.SilkS user)
    (38 B.Mask user)
    (39 F.Mask user)
    (40 Dwgs.User user)
    (41 Cmts.User user)
    (42 Eco1.User user)
    (43 Eco2.User user)
    (44 Edge.Cuts user)
    (45 Margin user)
    (46 B.CrtYd user)
    (47 F.CrtYd user)
    (48 B.Fab user)
    (49 F.Fab user)
  )

  (setup
    (last_trace_width 0.254)
    (trace_clearance 0.199)
    (zone_clearance 0.508)
    (zone_45_only no)
    (trace_min 0.1524)
    (via_size 0.762)
    (via_drill 0.381)
    (via_min_size 0.6858)
    (via_min_drill 0.3302)
    (uvia_size 0.762)
    (uvia_drill 0.381)
    (uvias_allowed no)
    (uvia_min_size 0.6858)
    (uvia_min_drill 0.3302)
    (edge_width 0.254)
    (segment_width 0.2)
    (pcb_text_width 0.3)
    (pcb_text_size 1.5 1.5)
    (mod_edge_width 0.15)
    (mod_text_size 1 1)
    (mod_text_width 0.15)
    (pad_size 1.15 1.4)
    (pad_drill 0)
    (pad_to_mask_clearance 0.0508)
    (solder_mask_min_width 0.101)
    (aux_axis_origin 0 0)
    (grid_origin 233.68 134.62)
    (visible_elements FFFFFFFF)
    (pcbplotparams
      (layerselection 0x010fc_ffffffff)
      (usegerberextensions true)
      (usegerberattributes false)
      (usegerberadvancedattributes false)
      (creategerberjobfile false)
      (excludeedgelayer true)
      (linewidth 0.500000)
      (plotframeref false)
      (viasonmask false)
      (mode 1)
      (useauxorigin false)
      (hpglpennumber 1)
      (hpglpenspeed 20)
      (hpglpendiameter 15.000000)
      (psnegative false)
      (psa4output false)
      (plotreference true)
      (plotvalue false)
      (plotinvisibletext false)
      (padsonsilk false)
      (subtractmaskfromsilk true)
      (outputformat 1)
      (mirror false)
      (drillshape 0)
      (scaleselection 1)
      (outputdirectory "gerber_files/"))
  )

  (net 0 "")
  (net 1 VDD33)
  (net 2 GND)
  (net 3 DQA0)
  (net 4 "Net-(U3-Pad2)")
  (net 5 "Net-(U3-Pad3)")
  (net 6 "Net-(U3-Pad4)")
  (net 7 "Net-(U3-Pad5)")
  (net 8 "Net-(U3-Pad7)")
  (net 9 "Net-(U3-Pad8)")
  (net 10 "Net-(U3-Pad10)")
  (net 11 "Net-(U3-Pad11)")
  (net 12 "Net-(U3-Pad12)")
  (net 13 "Net-(U3-Pad13)")
  (net 14 "Net-(U3-Pad14)")
  (net 15 "Net-(U3-Pad15)")
  (net 16 "Net-(U3-Pad17)")
  (net 17 "Net-(U3-Pad18)")
  (net 18 "Net-(U3-Pad19)")
  (net 19 "Net-(U3-Pad20)")
  (net 20 "Net-(U3-Pad21)")
  (net 21 "Net-(U3-Pad23)")
  (net 22 "Net-(U3-Pad24)")
  (net 23 "Net-(U3-Pad25)")
  (net 24 "Net-(U3-Pad26)")
  (net 25 "Net-(U3-Pad27)")
  (net 26 "Net-(U3-Pad28)")
  (net 27 "Net-(U3-Pad30)")
  (net 28 "Net-(U3-Pad31)")
  (net 29 "Net-(U3-Pad32)")
  (net 30 "Net-(U3-Pad34)")
  (net 31 "Net-(U3-Pad35)")
  (net 32 "Net-(U3-Pad37)")
  (net 33 "Net-(U3-Pad38)")
  (net 34 "Net-(U3-Pad39)")
  (net 35 "Net-(U3-Pad40)")
  (net 36 VDD5)
  (net 37 VDD41)
  (net 38 DQA1)
  (net 39 /R_LED)
  (net 40 LED_D3)

  (net_class Default "This is the default net class."
    (clearance 0.199)
    (trace_width 0.254)
    (via_dia 0.762)
    (via_drill 0.381)
    (uvia_dia 0.762)
    (uvia_drill 0.381)
    (add_net /R_LED)
    (add_net DQA0)
    (add_net DQA1)
    (add_net GND)
    (add_net LED_D3)
    (add_net "Net-(U3-Pad10)")
    (add_net "Net-(U3-Pad11)")
    (add_net "Net-(U3-Pad12)")
    (add_net "Net-(U3-Pad13)")
    (add_net "Net-(U3-Pad14)")
    (add_net "Net-(U3-Pad15)")
    (add_net "Net-(U3-Pad17)")
    (add_net "Net-(U3-Pad18)")
    (add_net "Net-(U3-Pad19)")
    (add_net "Net-(U3-Pad2)")
    (add_net "Net-(U3-Pad20)")
    (add_net "Net-(U3-Pad21)")
    (add_net "Net-(U3-Pad23)")
    (add_net "Net-(U3-Pad24)")
    (add_net "Net-(U3-Pad25)")
    (add_net "Net-(U3-Pad26)")
    (add_net "Net-(U3-Pad27)")
    (add_net "Net-(U3-Pad28)")
    (add_net "Net-(U3-Pad3)")
    (add_net "Net-(U3-Pad30)")
    (add_net "Net-(U3-Pad31)")
    (add_net "Net-(U3-Pad32)")
    (add_net "Net-(U3-Pad34)")
    (add_net "Net-(U3-Pad35)")
    (add_net "Net-(U3-Pad37)")
    (add_net "Net-(U3-Pad38)")
    (add_net "Net-(U3-Pad39)")
    (add_net "Net-(U3-Pad4)")
    (add_net "Net-(U3-Pad40)")
    (add_net "Net-(U3-Pad5)")
    (add_net "Net-(U3-Pad7)")
    (add_net "Net-(U3-Pad8)")
    (add_net VDD33)
    (add_net VDD41)
    (add_net VDD5)
  )

  (net_class GND ""
    (clearance 0.199)
    (trace_width 0.254)
    (via_dia 0.762)
    (via_drill 0.381)
    (uvia_dia 0.762)
    (uvia_drill 0.381)
  )

  (module LED_SMD:LED_0805_2012Metric_Pad1.15x1.40mm_HandSolder (layer B.Cu) (tedit 5B4B45C9) (tstamp 60A31956)
    (at 235.712 151.892 180)
    (descr "LED SMD 0805 (2012 Metric), square (rectangular) end terminal, IPC_7351 nominal, (Body size source: https://docs.google.com/spreadsheets/d/1BsfQQcO9C6DZCsRaXUlFlo91Tg2WpOkGARC1WS5S8t0/edit?usp=sharing), generated with kicad-footprint-generator")
    (tags "LED handsolder")
    (path /60A31130)
    (attr smd)
    (fp_text reference D2 (at -0.0635 -2.286) (layer B.SilkS)
      (effects (font (size 1 1) (thickness 0.15)) (justify mirror))
    )
    (fp_text value LED (at -0.5715 -3.4925) (layer B.Fab)
      (effects (font (size 1 1) (thickness 0.15)) (justify mirror))
    )
    (fp_text user %R (at 0 0) (layer B.Fab)
      (effects (font (size 0.5 0.5) (thickness 0.08)) (justify mirror))
    )
    (fp_line (start 1.85 -0.95) (end -1.85 -0.95) (layer B.CrtYd) (width 0.05))
    (fp_line (start 1.85 0.95) (end 1.85 -0.95) (layer B.CrtYd) (width 0.05))
    (fp_line (start -1.85 0.95) (end 1.85 0.95) (layer B.CrtYd) (width 0.05))
    (fp_line (start -1.85 -0.95) (end -1.85 0.95) (layer B.CrtYd) (width 0.05))
    (fp_line (start -1.86 -0.96) (end 1 -0.96) (layer B.SilkS) (width 0.12))
    (fp_line (start -1.86 0.96) (end -1.86 -0.96) (layer B.SilkS) (width 0.12))
    (fp_line (start 1 0.96) (end -1.86 0.96) (layer B.SilkS) (width 0.12))
    (fp_line (start 1 -0.6) (end 1 0.6) (layer B.Fab) (width 0.1))
    (fp_line (start -1 -0.6) (end 1 -0.6) (layer B.Fab) (width 0.1))
    (fp_line (start -1 0.3) (end -1 -0.6) (layer B.Fab) (width 0.1))
    (fp_line (start -0.7 0.6) (end -1 0.3) (layer B.Fab) (width 0.1))
    (fp_line (start 1 0.6) (end -0.7 0.6) (layer B.Fab) (width 0.1))
    (pad 2 smd roundrect (at 1.025 0 180) (size 1.15 1.4) (layers B.Cu B.Paste B.Mask) (roundrect_rratio 0.217391)
      (net 39 /R_LED))
    (pad 1 smd roundrect (at -1.025 0 180) (size 1.15 1.4) (layers B.Cu B.Paste B.Mask) (roundrect_rratio 0.217391)
      (net 40 LED_D3))
    (model ${KISYS3DMOD}/LED_SMD.3dshapes/LED_0805_2012Metric.wrl
      (at (xyz 0 0 0))
      (scale (xyz 1 1 1))
      (rotate (xyz 0 0 0))
    )
  )

  (module Resistor_SMD:R_0805_2012Metric_Pad1.15x1.40mm_HandSolder (layer B.Cu) (tedit 5B36C52B) (tstamp 60D53942)
    (at 230.8135 151.8285)
    (descr "Resistor SMD 0805 (2012 Metric), square (rectangular) end terminal, IPC_7351 nominal with elongated pad for handsoldering. (Body size source: https://docs.google.com/spreadsheets/d/1BsfQQcO9C6DZCsRaXUlFlo91Tg2WpOkGARC1WS5S8t0/edit?usp=sharing), generated with kicad-footprint-generator")
    (tags "resistor handsolder")
    (path /60A3876F)
    (attr smd)
    (fp_text reference R4 (at 2.7395 2.3495) (layer B.SilkS)
      (effects (font (size 1 1) (thickness 0.15)) (justify mirror))
    )
    (fp_text value 1k (at 0.898 2.413) (layer B.Fab)
      (effects (font (size 1 1) (thickness 0.15)) (justify mirror))
    )
    (fp_text user %R (at 0 0) (layer B.Fab)
      (effects (font (size 0.5 0.5) (thickness 0.08)) (justify mirror))
    )
    (fp_line (start 1.85 -0.95) (end -1.85 -0.95) (layer B.CrtYd) (width 0.05))
    (fp_line (start 1.85 0.95) (end 1.85 -0.95) (layer B.CrtYd) (width 0.05))
    (fp_line (start -1.85 0.95) (end 1.85 0.95) (layer B.CrtYd) (width 0.05))
    (fp_line (start -1.85 -0.95) (end -1.85 0.95) (layer B.CrtYd) (width 0.05))
    (fp_line (start -0.261252 -0.71) (end 0.261252 -0.71) (layer B.SilkS) (width 0.12))
    (fp_line (start -0.261252 0.71) (end 0.261252 0.71) (layer B.SilkS) (width 0.12))
    (fp_line (start 1 -0.6) (end -1 -0.6) (layer B.Fab) (width 0.1))
    (fp_line (start 1 0.6) (end 1 -0.6) (layer B.Fab) (width 0.1))
    (fp_line (start -1 0.6) (end 1 0.6) (layer B.Fab) (width 0.1))
    (fp_line (start -1 -0.6) (end -1 0.6) (layer B.Fab) (width 0.1))
    (pad 2 smd roundrect (at 1.025 0) (size 1.15 1.4) (layers B.Cu B.Paste B.Mask) (roundrect_rratio 0.217391)
      (net 39 /R_LED))
    (pad 1 smd roundrect (at -1.025 0) (size 1.15 1.4) (layers B.Cu B.Paste B.Mask) (roundrect_rratio 0.217391)
      (net 1 VDD33))
    (model ${KISYS3DMOD}/Resistor_SMD.3dshapes/R_0805_2012Metric.wrl
      (at (xyz 0 0 0))
      (scale (xyz 1 1 1))
      (rotate (xyz 0 0 0))
    )
  )

  (module ESP32_mini:ESP32_mini (layer B.Cu) (tedit 5F536902) (tstamp 6085E4B4)
    (at 232.7402 134.2136)
    (path /607E1AED)
    (fp_text reference U3 (at -3.81 -1.27) (layer B.SilkS)
      (effects (font (size 1 1) (thickness 0.15)) (justify mirror))
    )
    (fp_text value mini_esp32 (at -0.4572 -9.3091) (layer B.SilkS)
      (effects (font (size 1 1) (thickness 0.15)) (justify mirror))
    )
    (fp_line (start -12.7 -12.7) (end -12.7 -17.78) (layer B.SilkS) (width 0.12))
    (fp_line (start 12.7 19.05) (end -11.43 19.05) (layer B.SilkS) (width 0.12))
    (fp_line (start 12.7 19.05) (end 15.24 16.51) (layer B.SilkS) (width 0.12))
    (fp_line (start -12.7 19.05) (end -15.24 16.51) (layer B.SilkS) (width 0.12))
    (fp_line (start -12.7 19.05) (end -11.43 19.05) (layer B.SilkS) (width 0.12))
    (fp_line (start 15.24 16.51) (end 15.24 -17.78) (layer B.SilkS) (width 0.12))
    (fp_line (start -15.24 16.51) (end -15.24 -12.7) (layer B.SilkS) (width 0.12))
    (fp_line (start -15.24 -12.7) (end -12.7 -12.7) (layer B.SilkS) (width 0.12))
    (fp_poly (pts (xy -13.97 -16.51) (xy -13.97 -13.97) (xy -12.7 -13.97) (xy -12.7 -16.51)) (layer B.SilkS) (width 0.1))
    (fp_text user RST (at -10.0457 -13.3731) (layer B.SilkS)
      (effects (font (size 1 1) (thickness 0.15)) (justify mirror))
    )
    (fp_line (start -15.24 12.7) (end 15.24 12.7) (layer Dwgs.User) (width 0.12))
    (fp_line (start 15.24 12.7) (end 15.24 19.05) (layer Dwgs.User) (width 0.12))
    (fp_line (start 15.24 19.05) (end -15.24 19.05) (layer Dwgs.User) (width 0.12))
    (fp_line (start -15.24 19.05) (end -15.24 12.7) (layer Dwgs.User) (width 0.12))
    (fp_line (start -10.16 19.05) (end -15.24 13.97) (layer Dwgs.User) (width 0.12))
    (fp_line (start -6.35 19.05) (end -12.7 12.7) (layer Dwgs.User) (width 0.12))
    (fp_line (start -2.54 19.05) (end -8.89 12.7) (layer Dwgs.User) (width 0.12))
    (fp_line (start 1.27 19.05) (end -5.08 12.7) (layer Dwgs.User) (width 0.12))
    (fp_line (start 5.08 19.05) (end -1.27 12.7) (layer Dwgs.User) (width 0.12))
    (fp_line (start 8.89 19.05) (end 2.54 12.7) (layer Dwgs.User) (width 0.12))
    (fp_line (start 12.7 19.05) (end 6.35 12.7) (layer Dwgs.User) (width 0.12))
    (fp_line (start 15.24 16.51) (end 11.43 12.7) (layer Dwgs.User) (width 0.12))
    (fp_text user "NO COPPER - KEEP OUT" (at 0 15.24) (layer Dwgs.User)
      (effects (font (size 1 1) (thickness 0.15)))
    )
    (fp_text user USB (at 0 -20.32) (layer B.SilkS)
      (effects (font (size 1 1) (thickness 0.15)) (justify mirror))
    )
    (fp_line (start -12.7 -17.78) (end 15.24 -17.78) (layer B.SilkS) (width 0.12))
    (fp_line (start -5.08 -17.78) (end -5.08 -24.13) (layer B.SilkS) (width 0.12))
    (fp_line (start -5.08 -24.13) (end 5.08 -24.13) (layer B.SilkS) (width 0.12))
    (fp_line (start 5.08 -24.13) (end 5.08 -17.78) (layer B.SilkS) (width 0.12))
    (fp_line (start -5.08 -17.78) (end -5.08 -15.24) (layer B.SilkS) (width 0.12))
    (fp_line (start -5.08 -15.24) (end 5.08 -15.24) (layer B.SilkS) (width 0.12))
    (fp_line (start 5.08 -15.24) (end 5.08 -17.78) (layer B.SilkS) (width 0.12))
    (fp_line (start 13.97 -16.51) (end 11.43 -16.51) (layer Dwgs.User) (width 0.12))
    (fp_line (start 11.43 -16.51) (end 11.43 -15.24) (layer Dwgs.User) (width 0.12))
    (fp_line (start 11.43 -15.24) (end 13.97 -15.24) (layer Dwgs.User) (width 0.12))
    (fp_line (start 13.97 -15.24) (end 13.97 -16.51) (layer Dwgs.User) (width 0.12))
    (fp_line (start 11.43 -12.7) (end 11.43 -13.97) (layer Dwgs.User) (width 0.12))
    (fp_line (start 11.43 -13.97) (end 13.97 -13.97) (layer Dwgs.User) (width 0.12))
    (fp_line (start 13.97 -13.97) (end 13.97 -12.7) (layer Dwgs.User) (width 0.12))
    (fp_line (start 13.97 -12.7) (end 11.43 -12.7) (layer Dwgs.User) (width 0.12))
    (fp_text user PWR (at 12.573 -15.875) (layer Dwgs.User)
      (effects (font (size 0.5 0.5) (thickness 0.125)))
    )
    (fp_text user IO_02 (at 12.7 -13.335) (layer Dwgs.User)
      (effects (font (size 0.5 0.5) (thickness 0.125)))
    )
    (pad 2 thru_hole circle (at -11.43 11.43 90) (size 1.4 1.4) (drill 0.8) (layers *.Cu *.Mask)
      (net 4 "Net-(U3-Pad2)"))
    (pad 1 thru_hole circle (at -13.97 11.43 90) (size 1.4 1.4) (drill 0.8) (layers *.Cu *.Mask)
      (net 2 GND))
    (pad 3 thru_hole circle (at -13.97 8.89 90) (size 1.4 1.4) (drill 0.8) (layers *.Cu *.Mask)
      (net 5 "Net-(U3-Pad3)"))
    (pad 4 thru_hole circle (at -11.43 8.89 90) (size 1.4 1.4) (drill 0.8) (layers *.Cu *.Mask)
      (net 6 "Net-(U3-Pad4)"))
    (pad 5 thru_hole circle (at -13.97 6.35 90) (size 1.4 1.4) (drill 0.8) (layers *.Cu *.Mask)
      (net 7 "Net-(U3-Pad5)"))
    (pad 6 thru_hole circle (at -11.43 6.35 90) (size 1.4 1.4) (drill 0.8) (layers *.Cu *.Mask)
      (net 3 DQA0))
    (pad 7 thru_hole circle (at -13.97 3.81 90) (size 1.4 1.4) (drill 0.8) (layers *.Cu *.Mask)
      (net 8 "Net-(U3-Pad7)"))
    (pad 8 thru_hole circle (at -11.43 3.81 90) (size 1.4 1.4) (drill 0.8) (layers *.Cu *.Mask)
      (net 9 "Net-(U3-Pad8)"))
    (pad 9 thru_hole circle (at -13.97 1.27 90) (size 1.4 1.4) (drill 0.8) (layers *.Cu *.Mask)
      (net 38 DQA1))
    (pad 10 thru_hole circle (at -11.43 1.27 90) (size 1.4 1.4) (drill 0.8) (layers *.Cu *.Mask)
      (net 10 "Net-(U3-Pad10)"))
    (pad 11 thru_hole circle (at -13.97 -1.27 90) (size 1.4 1.4) (drill 0.8) (layers *.Cu *.Mask)
      (net 11 "Net-(U3-Pad11)"))
    (pad 12 thru_hole circle (at -11.43 -1.27 90) (size 1.4 1.4) (drill 0.8) (layers *.Cu *.Mask)
      (net 12 "Net-(U3-Pad12)"))
    (pad 13 thru_hole circle (at -13.97 -3.81 90) (size 1.4 1.4) (drill 0.8) (layers *.Cu *.Mask)
      (net 13 "Net-(U3-Pad13)"))
    (pad 14 thru_hole circle (at -11.43 -3.81 90) (size 1.4 1.4) (drill 0.8) (layers *.Cu *.Mask)
      (net 14 "Net-(U3-Pad14)"))
    (pad 15 thru_hole circle (at -13.97 -6.35 90) (size 1.4 1.4) (drill 0.8) (layers *.Cu *.Mask)
      (net 15 "Net-(U3-Pad15)"))
    (pad 16 thru_hole circle (at -11.43 -6.35 90) (size 1.4 1.4) (drill 0.8) (layers *.Cu *.Mask)
      (net 1 VDD33))
    (pad 17 thru_hole circle (at -13.97 -8.89 90) (size 1.4 1.4) (drill 0.8) (layers *.Cu *.Mask)
      (net 16 "Net-(U3-Pad17)"))
    (pad 18 thru_hole circle (at -11.43 -8.89 90) (size 1.4 1.4) (drill 0.8) (layers *.Cu *.Mask)
      (net 17 "Net-(U3-Pad18)"))
    (pad 19 thru_hole circle (at -13.97 -11.43 90) (size 1.4 1.4) (drill 0.8) (layers *.Cu *.Mask)
      (net 18 "Net-(U3-Pad19)"))
    (pad 20 thru_hole circle (at -11.43 -11.43 90) (size 1.4 1.4) (drill 0.8) (layers *.Cu *.Mask)
      (net 19 "Net-(U3-Pad20)"))
    (pad 21 thru_hole circle (at 11.43 11.43 90) (size 1.4 1.4) (drill 0.8) (layers *.Cu *.Mask)
      (net 20 "Net-(U3-Pad21)"))
    (pad 22 thru_hole circle (at 13.97 11.43 90) (size 1.4 1.4) (drill 0.8) (layers *.Cu *.Mask)
      (net 2 GND))
    (pad 23 thru_hole circle (at 11.43 8.89 90) (size 1.4 1.4) (drill 0.8) (layers *.Cu *.Mask)
      (net 21 "Net-(U3-Pad23)"))
    (pad 24 thru_hole circle (at 13.97 8.89 90) (size 1.4 1.4) (drill 0.8) (layers *.Cu *.Mask)
      (net 22 "Net-(U3-Pad24)"))
    (pad 25 thru_hole circle (at 11.43 6.35 90) (size 1.4 1.4) (drill 0.8) (layers *.Cu *.Mask)
      (net 23 "Net-(U3-Pad25)"))
    (pad 26 thru_hole circle (at 13.97 6.35 90) (size 1.4 1.4) (drill 0.8) (layers *.Cu *.Mask)
      (net 24 "Net-(U3-Pad26)"))
    (pad 27 thru_hole circle (at 11.43 3.81 90) (size 1.4 1.4) (drill 0.8) (layers *.Cu *.Mask)
      (net 25 "Net-(U3-Pad27)"))
    (pad 28 thru_hole circle (at 13.97 3.81 90) (size 1.4 1.4) (drill 0.8) (layers *.Cu *.Mask)
      (net 26 "Net-(U3-Pad28)"))
    (pad 29 thru_hole circle (at 11.43 1.27 90) (size 1.4 1.4) (drill 0.8) (layers *.Cu *.Mask)
      (net 40 LED_D3))
    (pad 30 thru_hole circle (at 13.97 1.27 90) (size 1.4 1.4) (drill 0.8) (layers *.Cu *.Mask)
      (net 27 "Net-(U3-Pad30)"))
    (pad 31 thru_hole circle (at 11.43 -1.27 90) (size 1.4 1.4) (drill 0.8) (layers *.Cu *.Mask)
      (net 28 "Net-(U3-Pad31)"))
    (pad 32 thru_hole circle (at 13.97 -1.27 90) (size 1.4 1.4) (drill 0.8) (layers *.Cu *.Mask)
      (net 29 "Net-(U3-Pad32)"))
    (pad 33 thru_hole circle (at 11.43 -3.81 90) (size 1.4 1.4) (drill 0.8) (layers *.Cu *.Mask)
      (net 2 GND))
    (pad 34 thru_hole circle (at 13.97 -3.81 90) (size 1.4 1.4) (drill 0.8) (layers *.Cu *.Mask)
      (net 30 "Net-(U3-Pad34)"))
    (pad 35 thru_hole circle (at 11.43 -6.35 90) (size 1.4 1.4) (drill 0.8) (layers *.Cu *.Mask)
      (net 31 "Net-(U3-Pad35)"))
    (pad 36 thru_hole circle (at 13.97 -6.35 90) (size 1.4 1.4) (drill 0.8) (layers *.Cu *.Mask)
      (net 36 VDD5))
    (pad 37 thru_hole circle (at 11.43 -8.89 90) (size 1.4 1.4) (drill 0.8) (layers *.Cu *.Mask)
      (net 32 "Net-(U3-Pad37)"))
    (pad 38 thru_hole circle (at 13.97 -8.89 90) (size 1.4 1.4) (drill 0.8) (layers *.Cu *.Mask)
      (net 33 "Net-(U3-Pad38)"))
    (pad 39 thru_hole circle (at 11.43 -11.43 90) (size 1.4 1.4) (drill 0.8) (layers *.Cu *.Mask)
      (net 34 "Net-(U3-Pad39)"))
    (pad 40 thru_hole circle (at 13.97 -11.43 90) (size 1.4 1.4) (drill 0.8) (layers *.Cu *.Mask)
      (net 35 "Net-(U3-Pad40)"))
  )

  (module Resistor_SMD:R_0805_2012Metric_Pad1.15x1.40mm_HandSolder (layer B.Cu) (tedit 5B36C52B) (tstamp 60996B02)
    (at 216.0905 123.825 270)
    (descr "Resistor SMD 0805 (2012 Metric), square (rectangular) end terminal, IPC_7351 nominal with elongated pad for handsoldering. (Body size source: https://docs.google.com/spreadsheets/d/1BsfQQcO9C6DZCsRaXUlFlo91Tg2WpOkGARC1WS5S8t0/edit?usp=sharing), generated with kicad-footprint-generator")
    (tags "resistor handsolder")
    (path /60948C85)
    (attr smd)
    (fp_text reference R3 (at 4.191 -0.508 90) (layer B.SilkS)
      (effects (font (size 1 1) (thickness 0.15)) (justify mirror))
    )
    (fp_text value 2k2 (at 0.0635 -7.493 90) (layer B.Fab)
      (effects (font (size 1 1) (thickness 0.15)) (justify mirror))
    )
    (fp_text user %R (at 0.0254 0 270) (layer B.Fab)
      (effects (font (size 0.5 0.5) (thickness 0.08)) (justify mirror))
    )
    (fp_line (start 1.85 -0.95) (end -1.85 -0.95) (layer B.CrtYd) (width 0.05))
    (fp_line (start 1.85 0.95) (end 1.85 -0.95) (layer B.CrtYd) (width 0.05))
    (fp_line (start -1.85 0.95) (end 1.85 0.95) (layer B.CrtYd) (width 0.05))
    (fp_line (start -1.85 -0.95) (end -1.85 0.95) (layer B.CrtYd) (width 0.05))
    (fp_line (start -0.261252 -0.71) (end 0.261252 -0.71) (layer B.SilkS) (width 0.12))
    (fp_line (start -0.261252 0.71) (end 0.261252 0.71) (layer B.SilkS) (width 0.12))
    (fp_line (start 1 -0.6) (end -1 -0.6) (layer B.Fab) (width 0.1))
    (fp_line (start 1 0.6) (end 1 -0.6) (layer B.Fab) (width 0.1))
    (fp_line (start -1 0.6) (end 1 0.6) (layer B.Fab) (width 0.1))
    (fp_line (start -1 -0.6) (end -1 0.6) (layer B.Fab) (width 0.1))
    (pad 2 smd roundrect (at 1.025 0 270) (size 1.15 1.4) (layers B.Cu B.Paste B.Mask) (roundrect_rratio 0.217391)
      (net 2 GND))
    (pad 1 smd roundrect (at -1.025 0 270) (size 1.15 1.4) (layers B.Cu B.Paste B.Mask) (roundrect_rratio 0.217391)
      (net 38 DQA1))
    (model ${KISYS3DMOD}/Resistor_SMD.3dshapes/R_0805_2012Metric.wrl
      (at (xyz 0 0 0))
      (scale (xyz 1 1 1))
      (rotate (xyz 0 0 0))
    )
  )

  (module TestPoint:TestPoint_Pad_1.0x1.0mm (layer F.Cu) (tedit 609D6D01) (tstamp 609CABAA)
    (at 229.2985 154.7495)
    (descr "SMD rectangular pad as test Point, square 1.0mm side length")
    (tags "test point SMD pad rectangle square")
    (path /609D20AB)
    (attr virtual)
    (fp_text reference TP3 (at 1.778 -0.0635 90) (layer F.SilkS)
      (effects (font (size 1 1) (thickness 0.15)))
    )
    (fp_text value TP3 (at 1.778 -0.0635 90) (layer F.Fab)
      (effects (font (size 1 1) (thickness 0.15)))
    )
    (fp_line (start 1 1) (end -1 1) (layer F.CrtYd) (width 0.05))
    (fp_line (start 1 1) (end 1 -1) (layer F.CrtYd) (width 0.05))
    (fp_line (start -1 -1) (end -1 1) (layer F.CrtYd) (width 0.05))
    (fp_line (start -1 -1) (end 1 -1) (layer F.CrtYd) (width 0.05))
    (fp_line (start -0.7 0.7) (end -0.7 -0.7) (layer F.SilkS) (width 0.12))
    (fp_line (start 0.7 0.7) (end -0.7 0.7) (layer F.SilkS) (width 0.12))
    (fp_line (start 0.7 -0.7) (end 0.7 0.7) (layer F.SilkS) (width 0.12))
    (fp_line (start -0.7 -0.7) (end 0.7 -0.7) (layer F.SilkS) (width 0.12))
    (fp_text user %R (at 1.778 -0.0635 270) (layer F.Fab)
      (effects (font (size 1 1) (thickness 0.15)))
    )
    (pad 1 smd rect (at 0 0) (size 1 1) (layers B.Cu F.Mask)
      (net 1 VDD33))
  )

  (module TestPoint:TestPoint_Pad_1.0x1.0mm (layer F.Cu) (tedit 609D6E4D) (tstamp 609CAB9C)
    (at 254.1905 119.6975)
    (descr "SMD rectangular pad as test Point, square 1.0mm side length")
    (tags "test point SMD pad rectangle square")
    (path /609CC01C)
    (attr virtual)
    (fp_text reference TP2 (at -0.0635 -2.7305 90) (layer F.SilkS)
      (effects (font (size 1 1) (thickness 0.15)))
    )
    (fp_text value TPLM5 (at -0.381 -8.0645 90) (layer F.Fab)
      (effects (font (size 1 1) (thickness 0.15)))
    )
    (fp_line (start 1 1) (end -1 1) (layer F.CrtYd) (width 0.05))
    (fp_line (start 1 1) (end 1 -1) (layer F.CrtYd) (width 0.05))
    (fp_line (start -1 -1) (end -1 1) (layer F.CrtYd) (width 0.05))
    (fp_line (start -1 -1) (end 1 -1) (layer F.CrtYd) (width 0.05))
    (fp_line (start -0.7 0.7) (end -0.7 -0.7) (layer F.SilkS) (width 0.12))
    (fp_line (start 0.7 0.7) (end -0.7 0.7) (layer F.SilkS) (width 0.12))
    (fp_line (start 0.7 -0.7) (end 0.7 0.7) (layer F.SilkS) (width 0.12))
    (fp_line (start -0.7 -0.7) (end 0.7 -0.7) (layer F.SilkS) (width 0.12))
    (fp_text user %R (at -0.0635 -2.7305 90) (layer F.Fab)
      (effects (font (size 1 1) (thickness 0.15)))
    )
    (pad 1 smd rect (at 0 0) (size 1 1) (layers B.Cu F.Mask)
      (net 36 VDD5))
  )

  (module TestPoint:TestPoint_Pad_1.0x1.0mm (layer B.Cu) (tedit 5A0F774F) (tstamp 609CAB8E)
    (at 210.8835 120.5865)
    (descr "SMD rectangular pad as test Point, square 1.0mm side length")
    (tags "test point SMD pad rectangle square")
    (path /609CE58C)
    (attr virtual)
    (fp_text reference TP1 (at 0.1905 -2.413 -90) (layer B.SilkS)
      (effects (font (size 1 1) (thickness 0.15)) (justify mirror))
    )
    (fp_text value TPLM41 (at 1.905 -3.302 90) (layer B.Fab)
      (effects (font (size 1 1) (thickness 0.15)) (justify mirror))
    )
    (fp_line (start 1 -1) (end -1 -1) (layer B.CrtYd) (width 0.05))
    (fp_line (start 1 -1) (end 1 1) (layer B.CrtYd) (width 0.05))
    (fp_line (start -1 1) (end -1 -1) (layer B.CrtYd) (width 0.05))
    (fp_line (start -1 1) (end 1 1) (layer B.CrtYd) (width 0.05))
    (fp_line (start -0.7 -0.7) (end -0.7 0.7) (layer B.SilkS) (width 0.12))
    (fp_line (start 0.7 -0.7) (end -0.7 -0.7) (layer B.SilkS) (width 0.12))
    (fp_line (start 0.7 0.7) (end 0.7 -0.7) (layer B.SilkS) (width 0.12))
    (fp_line (start -0.7 0.7) (end 0.7 0.7) (layer B.SilkS) (width 0.12))
    (fp_text user %R (at 0.1905 -2.413 -90) (layer B.Fab)
      (effects (font (size 1 1) (thickness 0.15)) (justify mirror))
    )
    (pad 1 smd rect (at 0 0) (size 1 1) (layers B.Cu B.Mask)
      (net 37 VDD41))
  )

  (module Capacitor_SMD:C_0805_2012Metric_Pad1.15x1.40mm_HandSolder (layer B.Cu) (tedit 5B36C52B) (tstamp 609ABCBC)
    (at 220.726 153.3525 270)
    (descr "Capacitor SMD 0805 (2012 Metric), square (rectangular) end terminal, IPC_7351 nominal with elongated pad for handsoldering. (Body size source: https://docs.google.com/spreadsheets/d/1BsfQQcO9C6DZCsRaXUlFlo91Tg2WpOkGARC1WS5S8t0/edit?usp=sharing), generated with kicad-footprint-generator")
    (tags "capacitor handsolder")
    (path /609B3894)
    (attr smd)
    (fp_text reference C4 (at 1.27 -1.651 270) (layer B.SilkS)
      (effects (font (size 1 1) (thickness 0.15)) (justify mirror))
    )
    (fp_text value 10uF (at -3.683 -0.5715 270) (layer B.Fab)
      (effects (font (size 1 1) (thickness 0.15)) (justify mirror))
    )
    (fp_line (start -1 -0.6) (end -1 0.6) (layer B.Fab) (width 0.1))
    (fp_line (start -1 0.6) (end 1 0.6) (layer B.Fab) (width 0.1))
    (fp_line (start 1 0.6) (end 1 -0.6) (layer B.Fab) (width 0.1))
    (fp_line (start 1 -0.6) (end -1 -0.6) (layer B.Fab) (width 0.1))
    (fp_line (start -0.261252 0.71) (end 0.261252 0.71) (layer B.SilkS) (width 0.12))
    (fp_line (start -0.261252 -0.71) (end 0.261252 -0.71) (layer B.SilkS) (width 0.12))
    (fp_line (start -1.85 -0.95) (end -1.85 0.95) (layer B.CrtYd) (width 0.05))
    (fp_line (start -1.85 0.95) (end 1.85 0.95) (layer B.CrtYd) (width 0.05))
    (fp_line (start 1.85 0.95) (end 1.85 -0.95) (layer B.CrtYd) (width 0.05))
    (fp_line (start 1.85 -0.95) (end -1.85 -0.95) (layer B.CrtYd) (width 0.05))
    (pad 1 smd roundrect (at -1.025 0 270) (size 1.15 1.4) (layers B.Cu B.Paste B.Mask) (roundrect_rratio 0.217391)
      (net 38 DQA1))
    (pad 2 smd roundrect (at 1.025 0 270) (size 1.15 1.4) (layers B.Cu B.Paste B.Mask) (roundrect_rratio 0.217391)
      (net 2 GND))
    (model ${KISYS3DMOD}/Capacitor_SMD.3dshapes/C_0805_2012Metric.wrl
      (at (xyz 0 0 0))
      (scale (xyz 1 1 1))
      (rotate (xyz 0 0 0))
    )
  )

  (module Package_TO_SOT_THT:TO-92_Inline (layer B.Cu) (tedit 5A1DD157) (tstamp 60996B44)
    (at 245.0465 154.7495 90)
    (descr "TO-92 leads in-line, narrow, oval pads, drill 0.75mm (see NXP sot054_po.pdf)")
    (tags "to-92 sc-43 sc-43a sot54 PA33 transistor")
    (path /6092ADC9)
    (fp_text reference U2 (at -0.9525 4.5085) (layer B.SilkS)
      (effects (font (size 1 1) (thickness 0.15)) (justify mirror))
    )
    (fp_text value DS18B20 (at 0.381 6.096 180) (layer B.Fab)
      (effects (font (size 1 1) (thickness 0.15)) (justify mirror))
    )
    (fp_arc (start 1.27 0) (end 1.27 2.6) (angle -135) (layer B.SilkS) (width 0.12))
    (fp_arc (start 1.27 0) (end 1.27 2.48) (angle 135) (layer B.Fab) (width 0.1))
    (fp_arc (start 1.27 0) (end 1.27 2.6) (angle 135) (layer B.SilkS) (width 0.12))
    (fp_arc (start 1.27 0) (end 1.27 2.48) (angle -135) (layer B.Fab) (width 0.1))
    (fp_line (start 4 -2.01) (end -1.46 -2.01) (layer B.CrtYd) (width 0.05))
    (fp_line (start 4 -2.01) (end 4 2.73) (layer B.CrtYd) (width 0.05))
    (fp_line (start -1.46 2.73) (end -1.46 -2.01) (layer B.CrtYd) (width 0.05))
    (fp_line (start -1.46 2.73) (end 4 2.73) (layer B.CrtYd) (width 0.05))
    (fp_line (start -0.5 -1.75) (end 3 -1.75) (layer B.Fab) (width 0.1))
    (fp_line (start -0.53 -1.85) (end 3.07 -1.85) (layer B.SilkS) (width 0.12))
    (fp_text user %R (at -0.9525 4.5085) (layer B.Fab)
      (effects (font (size 1 1) (thickness 0.15)) (justify mirror))
    )
    (pad 1 thru_hole rect (at 0 0 90) (size 1.05 1.5) (drill 0.75) (layers *.Cu *.Mask)
      (net 2 GND))
    (pad 3 thru_hole oval (at 2.54 0 90) (size 1.05 1.5) (drill 0.75) (layers *.Cu *.Mask)
      (net 1 VDD33))
    (pad 2 thru_hole oval (at 1.27 0 90) (size 1.05 1.5) (drill 0.75) (layers *.Cu *.Mask)
      (net 3 DQA0))
    (model ${KISYS3DMOD}/Package_TO_SOT_THT.3dshapes/TO-92_Inline.wrl
      (at (xyz 0 0 0))
      (scale (xyz 1 1 1))
      (rotate (xyz 0 0 0))
    )
  )

  (module Resistor_SMD:R_0805_2012Metric_Pad1.15x1.40mm_HandSolder (layer B.Cu) (tedit 5B36C52B) (tstamp 60996AF1)
    (at 212.5345 123.825 90)
    (descr "Resistor SMD 0805 (2012 Metric), square (rectangular) end terminal, IPC_7351 nominal with elongated pad for handsoldering. (Body size source: https://docs.google.com/spreadsheets/d/1BsfQQcO9C6DZCsRaXUlFlo91Tg2WpOkGARC1WS5S8t0/edit?usp=sharing), generated with kicad-footprint-generator")
    (tags "resistor handsolder")
    (path /609485CD)
    (attr smd)
    (fp_text reference R2 (at 2.794 0.0635 270) (layer B.SilkS)
      (effects (font (size 1 1) (thickness 0.15)) (justify mirror))
    )
    (fp_text value 27k (at 2.4765 1.778 270) (layer B.Fab)
      (effects (font (size 1 1) (thickness 0.15)) (justify mirror))
    )
    (fp_text user %R (at -0.1143 0.1651 270) (layer B.Fab)
      (effects (font (size 0.5 0.5) (thickness 0.08)) (justify mirror))
    )
    (fp_line (start 1.85 -0.95) (end -1.85 -0.95) (layer B.CrtYd) (width 0.05))
    (fp_line (start 1.85 0.95) (end 1.85 -0.95) (layer B.CrtYd) (width 0.05))
    (fp_line (start -1.85 0.95) (end 1.85 0.95) (layer B.CrtYd) (width 0.05))
    (fp_line (start -1.85 -0.95) (end -1.85 0.95) (layer B.CrtYd) (width 0.05))
    (fp_line (start -0.261252 -0.71) (end 0.261252 -0.71) (layer B.SilkS) (width 0.12))
    (fp_line (start -0.261252 0.71) (end 0.261252 0.71) (layer B.SilkS) (width 0.12))
    (fp_line (start 1 -0.6) (end -1 -0.6) (layer B.Fab) (width 0.1))
    (fp_line (start 1 0.6) (end 1 -0.6) (layer B.Fab) (width 0.1))
    (fp_line (start -1 0.6) (end 1 0.6) (layer B.Fab) (width 0.1))
    (fp_line (start -1 -0.6) (end -1 0.6) (layer B.Fab) (width 0.1))
    (pad 2 smd roundrect (at 1.025 0 90) (size 1.15 1.4) (layers B.Cu B.Paste B.Mask) (roundrect_rratio 0.217391)
      (net 38 DQA1))
    (pad 1 smd roundrect (at -1.025 0 90) (size 1.15 1.4) (layers B.Cu B.Paste B.Mask) (roundrect_rratio 0.217391)
      (net 37 VDD41))
    (model ${KISYS3DMOD}/Resistor_SMD.3dshapes/R_0805_2012Metric.wrl
      (at (xyz 0 0 0))
      (scale (xyz 1 1 1))
      (rotate (xyz 0 0 0))
    )
  )

  (module Resistor_SMD:R_0805_2012Metric_Pad1.15x1.40mm_HandSolder (layer B.Cu) (tedit 5B36C52B) (tstamp 60996AE0)
    (at 251.1425 151.4475)
    (descr "Resistor SMD 0805 (2012 Metric), square (rectangular) end terminal, IPC_7351 nominal with elongated pad for handsoldering. (Body size source: https://docs.google.com/spreadsheets/d/1BsfQQcO9C6DZCsRaXUlFlo91Tg2WpOkGARC1WS5S8t0/edit?usp=sharing), generated with kicad-footprint-generator")
    (tags "resistor handsolder")
    (path /6094D912)
    (attr smd)
    (fp_text reference R1 (at 2.667 0.127 -90) (layer B.SilkS)
      (effects (font (size 1 1) (thickness 0.15)) (justify mirror))
    )
    (fp_text value 4.7k (at 2.2225 -2.9845 -270) (layer B.Fab)
      (effects (font (size 1 1) (thickness 0.15)) (justify mirror))
    )
    (fp_text user %R (at 0 0 180) (layer B.Fab)
      (effects (font (size 0.5 0.5) (thickness 0.08)) (justify mirror))
    )
    (fp_line (start 1.85 -0.95) (end -1.85 -0.95) (layer B.CrtYd) (width 0.05))
    (fp_line (start 1.85 0.95) (end 1.85 -0.95) (layer B.CrtYd) (width 0.05))
    (fp_line (start -1.85 0.95) (end 1.85 0.95) (layer B.CrtYd) (width 0.05))
    (fp_line (start -1.85 -0.95) (end -1.85 0.95) (layer B.CrtYd) (width 0.05))
    (fp_line (start -0.261252 -0.71) (end 0.261252 -0.71) (layer B.SilkS) (width 0.12))
    (fp_line (start -0.261252 0.71) (end 0.261252 0.71) (layer B.SilkS) (width 0.12))
    (fp_line (start 1 -0.6) (end -1 -0.6) (layer B.Fab) (width 0.1))
    (fp_line (start 1 0.6) (end 1 -0.6) (layer B.Fab) (width 0.1))
    (fp_line (start -1 0.6) (end 1 0.6) (layer B.Fab) (width 0.1))
    (fp_line (start -1 -0.6) (end -1 0.6) (layer B.Fab) (width 0.1))
    (pad 2 smd roundrect (at 1.025 0) (size 1.15 1.4) (layers B.Cu B.Paste B.Mask) (roundrect_rratio 0.217391)
      (net 1 VDD33))
    (pad 1 smd roundrect (at -1.025 0) (size 1.15 1.4) (layers B.Cu B.Paste B.Mask) (roundrect_rratio 0.217391)
      (net 3 DQA0))
    (model ${KISYS3DMOD}/Resistor_SMD.3dshapes/R_0805_2012Metric.wrl
      (at (xyz 0 0 0))
      (scale (xyz 1 1 1))
      (rotate (xyz 0 0 0))
    )
  )

  (module Capacitor_SMD:C_0805_2012Metric_Pad1.15x1.40mm_HandSolder (layer B.Cu) (tedit 5B36C52B) (tstamp 60996ACF)
    (at 217.17 153.289 270)
    (descr "Capacitor SMD 0805 (2012 Metric), square (rectangular) end terminal, IPC_7351 nominal with elongated pad for handsoldering. (Body size source: https://docs.google.com/spreadsheets/d/1BsfQQcO9C6DZCsRaXUlFlo91Tg2WpOkGARC1WS5S8t0/edit?usp=sharing), generated with kicad-footprint-generator")
    (tags "capacitor handsolder")
    (path /60942BB3)
    (attr smd)
    (fp_text reference C6 (at 1.2065 -1.778 90) (layer B.SilkS)
      (effects (font (size 1 1) (thickness 0.15)) (justify mirror))
    )
    (fp_text value 10uF (at 0.118 -3.556 270) (layer B.Fab)
      (effects (font (size 1 1) (thickness 0.15)) (justify mirror))
    )
    (fp_text user %R (at 0 0 90) (layer B.Fab)
      (effects (font (size 0.5 0.5) (thickness 0.08)) (justify mirror))
    )
    (fp_line (start 1.85 -0.95) (end -1.85 -0.95) (layer B.CrtYd) (width 0.05))
    (fp_line (start 1.85 0.95) (end 1.85 -0.95) (layer B.CrtYd) (width 0.05))
    (fp_line (start -1.85 0.95) (end 1.85 0.95) (layer B.CrtYd) (width 0.05))
    (fp_line (start -1.85 -0.95) (end -1.85 0.95) (layer B.CrtYd) (width 0.05))
    (fp_line (start -0.261252 -0.71) (end 0.261252 -0.71) (layer B.SilkS) (width 0.12))
    (fp_line (start -0.261252 0.71) (end 0.261252 0.71) (layer B.SilkS) (width 0.12))
    (fp_line (start 1 -0.6) (end -1 -0.6) (layer B.Fab) (width 0.1))
    (fp_line (start 1 0.6) (end 1 -0.6) (layer B.Fab) (width 0.1))
    (fp_line (start -1 0.6) (end 1 0.6) (layer B.Fab) (width 0.1))
    (fp_line (start -1 -0.6) (end -1 0.6) (layer B.Fab) (width 0.1))
    (pad 2 smd roundrect (at 1.025 0 270) (size 1.15 1.4) (layers B.Cu B.Paste B.Mask) (roundrect_rratio 0.217391)
      (net 2 GND))
    (pad 1 smd roundrect (at -1.025 0 270) (size 1.15 1.4) (layers B.Cu B.Paste B.Mask) (roundrect_rratio 0.217391)
      (net 1 VDD33))
    (model ${KISYS3DMOD}/Capacitor_SMD.3dshapes/C_0805_2012Metric.wrl
      (at (xyz 0 0 0))
      (scale (xyz 1 1 1))
      (rotate (xyz 0 0 0))
    )
  )

  (module Capacitor_SMD:C_0805_2012Metric_Pad1.15x1.40mm_HandSolder (layer B.Cu) (tedit 5B36C52B) (tstamp 60996A96)
    (at 251.2695 124.7394)
    (descr "Capacitor SMD 0805 (2012 Metric), square (rectangular) end terminal, IPC_7351 nominal with elongated pad for handsoldering. (Body size source: https://docs.google.com/spreadsheets/d/1BsfQQcO9C6DZCsRaXUlFlo91Tg2WpOkGARC1WS5S8t0/edit?usp=sharing), generated with kicad-footprint-generator")
    (tags "capacitor handsolder")
    (path /60956829)
    (attr smd)
    (fp_text reference C2 (at -2.2225 -3.8989 -180) (layer B.SilkS)
      (effects (font (size 1 1) (thickness 0.15)) (justify mirror))
    )
    (fp_text value 10uF (at 1.5875 -8.4709 -270) (layer B.Fab)
      (effects (font (size 1 1) (thickness 0.15)) (justify mirror))
    )
    (fp_text user %R (at 0 0) (layer B.Fab)
      (effects (font (size 0.5 0.5) (thickness 0.08)) (justify mirror))
    )
    (fp_line (start 1.85 -0.95) (end -1.85 -0.95) (layer B.CrtYd) (width 0.05))
    (fp_line (start 1.85 0.95) (end 1.85 -0.95) (layer B.CrtYd) (width 0.05))
    (fp_line (start -1.85 0.95) (end 1.85 0.95) (layer B.CrtYd) (width 0.05))
    (fp_line (start -1.85 -0.95) (end -1.85 0.95) (layer B.CrtYd) (width 0.05))
    (fp_line (start -0.261252 -0.71) (end 0.261252 -0.71) (layer B.SilkS) (width 0.12))
    (fp_line (start -0.261252 0.71) (end 0.261252 0.71) (layer B.SilkS) (width 0.12))
    (fp_line (start 1 -0.6) (end -1 -0.6) (layer B.Fab) (width 0.1))
    (fp_line (start 1 0.6) (end 1 -0.6) (layer B.Fab) (width 0.1))
    (fp_line (start -1 0.6) (end 1 0.6) (layer B.Fab) (width 0.1))
    (fp_line (start -1 -0.6) (end -1 0.6) (layer B.Fab) (width 0.1))
    (pad 2 smd roundrect (at 1.025 0) (size 1.15 1.4) (layers B.Cu B.Paste B.Mask) (roundrect_rratio 0.217391)
      (net 2 GND))
    (pad 1 smd roundrect (at -1.025 0) (size 1.15 1.4) (layers B.Cu B.Paste B.Mask) (roundrect_rratio 0.217391)
      (net 36 VDD5))
    (model ${KISYS3DMOD}/Capacitor_SMD.3dshapes/C_0805_2012Metric.wrl
      (at (xyz 0 0 0))
      (scale (xyz 1 1 1))
      (rotate (xyz 0 0 0))
    )
  )

  (module Capacitor_SMD:C_0805_2012Metric_Pad1.15x1.40mm_HandSolder (layer B.Cu) (tedit 609AD16D) (tstamp 60996A85)
    (at 251.2695 122.6185)
    (descr "Capacitor SMD 0805 (2012 Metric), square (rectangular) end terminal, IPC_7351 nominal with elongated pad for handsoldering. (Body size source: https://docs.google.com/spreadsheets/d/1BsfQQcO9C6DZCsRaXUlFlo91Tg2WpOkGARC1WS5S8t0/edit?usp=sharing), generated with kicad-footprint-generator")
    (tags "capacitor handsolder")
    (path /6095681C)
    (attr smd)
    (fp_text reference C1 (at -2.286 -3.4925 -180) (layer B.SilkS)
      (effects (font (size 1 1) (thickness 0.15)) (justify mirror))
    )
    (fp_text value 100nF (at -6.223 -6.985) (layer B.Fab)
      (effects (font (size 1 1) (thickness 0.15)) (justify mirror))
    )
    (fp_line (start -1 -0.6) (end -1 0.6) (layer B.Fab) (width 0.1))
    (fp_line (start -1 0.6) (end 1 0.6) (layer B.Fab) (width 0.1))
    (fp_line (start 1 0.6) (end 1 -0.6) (layer B.Fab) (width 0.1))
    (fp_line (start 1 -0.6) (end -1 -0.6) (layer B.Fab) (width 0.1))
    (fp_line (start -0.261252 0.71) (end 0.261252 0.71) (layer B.SilkS) (width 0.12))
    (fp_line (start -0.261252 -0.71) (end 0.261252 -0.71) (layer B.SilkS) (width 0.12))
    (fp_line (start -1.85 -0.95) (end -1.85 0.95) (layer B.CrtYd) (width 0.05))
    (fp_line (start -1.85 0.95) (end 1.85 0.95) (layer B.CrtYd) (width 0.05))
    (fp_line (start 1.85 0.95) (end 1.85 -0.95) (layer B.CrtYd) (width 0.05))
    (fp_line (start 1.85 -0.95) (end -1.85 -0.95) (layer B.CrtYd) (width 0.05))
    (fp_text user %R (at 0 0) (layer B.Fab)
      (effects (font (size 0.5 0.5) (thickness 0.08)) (justify mirror))
    )
    (pad 1 smd roundrect (at -1.025 0) (size 1.15 1.4) (layers B.Cu B.Paste B.Mask) (roundrect_rratio 0.217)
      (net 36 VDD5))
    (pad 2 smd roundrect (at 1.025 0) (size 1.15 1.4) (layers B.Cu B.Paste B.Mask) (roundrect_rratio 0.217391)
      (net 2 GND))
    (model ${KISYS3DMOD}/Capacitor_SMD.3dshapes/C_0805_2012Metric.wrl
      (at (xyz 0 0 0))
      (scale (xyz 1 1 1))
      (rotate (xyz 0 0 0))
    )
  )

  (module Capacitor_SMD:C_0805_2012Metric_Pad1.15x1.40mm_HandSolder (layer B.Cu) (tedit 5B36C52B) (tstamp 609ABCAB)
    (at 240.03 153.7335 270)
    (descr "Capacitor SMD 0805 (2012 Metric), square (rectangular) end terminal, IPC_7351 nominal with elongated pad for handsoldering. (Body size source: https://docs.google.com/spreadsheets/d/1BsfQQcO9C6DZCsRaXUlFlo91Tg2WpOkGARC1WS5S8t0/edit?usp=sharing), generated with kicad-footprint-generator")
    (tags "capacitor handsolder")
    (path /609F6D6A)
    (attr smd)
    (fp_text reference C3 (at -2.6035 -0.889) (layer B.SilkS)
      (effects (font (size 1 1) (thickness 0.15)) (justify mirror))
    )
    (fp_text value 100nF (at 1.778 7.6835 180) (layer B.Fab)
      (effects (font (size 1 1) (thickness 0.15)) (justify mirror))
    )
    (fp_text user %R (at 0 0 90) (layer B.Fab)
      (effects (font (size 0.5 0.5) (thickness 0.08)) (justify mirror))
    )
    (fp_line (start 1.85 -0.95) (end -1.85 -0.95) (layer B.CrtYd) (width 0.05))
    (fp_line (start 1.85 0.95) (end 1.85 -0.95) (layer B.CrtYd) (width 0.05))
    (fp_line (start -1.85 0.95) (end 1.85 0.95) (layer B.CrtYd) (width 0.05))
    (fp_line (start -1.85 -0.95) (end -1.85 0.95) (layer B.CrtYd) (width 0.05))
